,Unnamed: 0,Season,Bat_First,Field_First,Bat_Toss,Field_Toss,Win_by_Runs_avg,Win_by_Wickets_avg,Extras,Dots,Singles,Twos,Threes,Fours,Sixs,Total_Runs,Wickets_Taken,M,W,L,NR,Pts,NRR
Unnamed: 0,1.0,0.9946342162298029,0.0289522681292134,0.043460685860901314,-0.36574824103654374,0.38587532404545305,0.06260614923299003,-0.16391942251601746,-0.34705968210354543,-0.1851550069912659,0.20951089714173604,0.16556921642254063,-0.07001353494129309,0.07329156581513273,0.288847975211621,0.20771730489448811,-0.006207814911125468,0.02153805088920351,0.014121852237717478,0.003220757144078984,-0.04301165056658971,0.009548579977685193,-5.425170829042731e-05
Season,0.9946342162298029,1.0,0.03897699304115913,0.03597964255886056,-0.3579502603109636,0.3885845388941802,0.056831388613707255,-0.16807963029194956,-0.3437577474685448,-0.19864902978804022,0.22500433684878846,0.1696862968912845,-0.07486903148289063,0.08046304413077562,0.2948765286101014,0.21864977272162547,-0.006114379663045973,0.00662933648070878,0.007075952541613924,0.00717865264647735,-0.053571100190695026,0.0012302871942636397,0.0031681838284000623
Bat_First,0.0289522681292134,0.03897699304115913,1.0,-0.7290388050202486,0.5496584962412653,-0.5386403509083807,0.07634157874412914,0.013896264214781436,0.11805616491634528,0.2385810284809086,0.39701865812903736,0.34474259385475864,0.18156597446871586,0.29094803048904666,0.2937989750506832,0.4330970051989479,0.2525391812537493,0.21928097787473713,0.1170269300129471,-0.0059362727202163295,-0.1413009902973718,0.10300835236587316,0.17527083572751254
Field_First,0.043460685860901314,0.03597964255886056,-0.7290388050202486,1.0,-0.3213466705542922,0.5985039130291128,0.12226701086519817,0.01695983811914509,0.13265115879755904,0.2822717806985554,0.20116458995275865,0.09253467350983961,-0.040969734466865346,0.23722728766761858,0.048473703440838393,0.20530898560771538,0.3302468219541727,0.20241815974770308,0.36729349963998154,-0.27946828759641784,-0.0810811370608195,0.3635217446279282,0.16961865476137733
Bat_Toss,-0.36574824103654374,-0.3579502603109636,0.5496584962412653,-0.3213466705542922,1.0,-0.6044422077816165,0.14965236238190976,-0.1261606147062395,0.21146552944600586,0.47865000432718374,0.28515029115189805,0.21166115376929698,0.2877299502964201,0.11772021784061158,0.028711991996705866,0.2048591398819998,0.25516016779041584,0.31733895095767684,0.06733177768114929,0.07081578187066413,-0.0959529220478274,0.05763944577951765,0.03185302407025136
Field_Toss,0.38587532404545305,0.3885845388941802,-0.5386403509083807,0.5985039130291128,-0.6044422077816165,1.0,0.1634502027408316,-0.02708873252393709,0.028854762728855957,-0.10900258373603089,-0.05181906554656275,-0.0882245177443808,-0.1513877212162578,0.1734069598553222,0.22193205359325455,0.1374988719708965,0.12882458141067327,-0.13137203859606003,0.24011828261988763,-0.27475467375554485,-0.07935993917872576,0.23472730280762324,0.21649377617737192
Win_by_Runs_avg,0.06260614923299003,0.056831388613707255,0.07634157874412914,0.12226701086519817,0.14965236238190976,0.1634502027408316,1.0,-0.04940276188958958,0.28529487264137016,0.11337480973296553,0.12946233392566553,0.08710800484502694,0.12125410863573174,0.29492091266383735,0.39595021604901487,0.37075923672700184,0.41728161820786075,0.05111640356310355,0.3758059632503088,-0.3911371562905257,0.12993987919009137,0.395578696022246,0.5466225757426866
Win_by_Wickets_avg,-0.16391942251601746,-0.16807963029194956,0.013896264214781436,0.01695983811914509,-0.1261606147062395,-0.02708873252393709,-0.04940276188958958,1.0,0.07153389789541255,-0.09476545488026422,-0.004382110112536659,0.014472647203077055,0.018459069461991485,0.2070177880044958,-0.03862787766699622,0.0818157685632583,0.035198842717992354,-0.015742673743412646,0.13742379683931227,-0.11387337052158081,-0.14135629109036452,0.12368942033148225,0.3262491393742253
Extras,-0.34705968210354543,-0.3437577474685448,0.11805616491634528,0.13265115879755904,0.21146552944600586,0.028854762728855957,0.28529487264137016,0.07153389789541255,1.0,0.30387004616772995,0.14048275041680883,-0.06442050616808408,-0.045492094166590585,0.3938805989627292,0.18112269516656482,0.35757535275909064,0.3655538924452792,0.02490533133693777,0.3997045479722895,-0.35216503797519805,-0.19856832756142648,0.38335307920082057,0.42179250352984565
Dots,-0.1851550069912659,-0.19864902978804022,0.2385810284809086,0.2822717806985554,0.47865000432718374,-0.10900258373603089,0.11337480973296553,-0.09476545488026422,0.30387004616772995,1.0,0.4572049315596534,0.2882323735287595,0.24521522982197178,0.35340952903732364,0.19567031182777142,0.4451435294789616,0.46059437198285785,0.6010594059246155,0.32034925917563173,-0.03749283341910204,-0.28979683191609934,0.29274184914683066,0.017977177833365384
Singles,0.20951089714173604,0.22500433684878846,0.39701865812903736,0.20116458995275865,0.28515029115189805,-0.05181906554656275,0.12946233392566553,-0.004382110112536659,0.14048275041680883,0.4572049315596534,1.0,0.5754786182039331,0.18243364132405443,0.5339271892858638,0.2739431580905763,0.7430046545507343,0.6134036893247999,0.5347628742703696,0.4867218810128559,-0.2204491823594904,-0.3368320929846152,0.4562617942454139,0.29450464957482575
Twos,0.16556921642254063,0.1696862968912845,0.34474259385475864,0.09253467350983961,0.21166115376929698,-0.0882245177443808,0.08710800484502694,0.014472647203077055,-0.06442050616808408,0.2882323735287595,0.5754786182039331,1.0,0.3240487647236838,0.33240764995108074,0.1955132542408005,0.5550239712152403,0.5298454259479328,0.26421625196979937,0.43967240149536885,-0.3122087821581147,-0.16099310976274198,0.4280607021254939,0.3322138622874444
Threes,-0.07001353494129309,-0.07486903148289063,0.18156597446871586,-0.040969734466865346,0.2877299502964201,-0.1513877212162578,0.12125410863573174,0.018459069461991485,-0.045492094166590585,0.24521522982197178,0.18243364132405443,0.3240487647236838,1.0,0.08249713451962325,-0.022555539958633287,0.15483075941979105,0.21708870775894606,0.20741969524719264,0.11156962103247077,-0.010465549055813258,-0.11580307758473722,0.10030362763432675,0.10123552371548497
Fours,0.07329156581513273,0.08046304413077562,0.29094803048904666,0.23722728766761858,0.11772021784061158,0.1734069598553222,0.29492091266383735,0.2070177880044958,0.3938805989627292,0.35340952903732364,0.5339271892858638,0.33240764995108074,0.08249713451962325,1.0,0.401605353574931,0.8405007040953092,0.6096609255213157,0.2957108936158885,0.6205752212347855,-0.45114518177795687,-0.3091466372251362,0.5950935554677523,0.5682161038205618
Sixs,0.288847975211621,0.2948765286101014,0.2937989750506832,0.048473703440838393,0.028711991996705866,0.22193205359325455,0.39595021604901487,-0.03862787766699622,0.18112269516656482,0.19567031182777142,0.2739431580905763,0.1955132542408005,-0.022555539958633287,0.401605353574931,1.0,0.7171582363380848,0.4008912091342461,0.02316041661020278,0.35765553910238085,-0.3334582001066121,-0.09362131688576358,0.35235463336818285,0.40772283489407707
Total_Runs,0.20771730489448811,0.21864977272162547,0.4330970051989479,0.20530898560771538,0.2048591398819998,0.1374988719708965,0.37075923672700184,0.0818157685632583,0.35757535275909064,0.4451435294789616,0.7430046545507343,0.5550239712152403,0.15483075941979105,0.8405007040953092,0.7171582363380848,1.0,0.7284913883593287,0.34243031077423025,0.6634597870645637,-0.4757195926530685,-0.31629428011986815,0.6377951745018872,0.5923179844093707
Wickets_Taken,-0.006207814911125468,-0.006114379663045973,0.2525391812537493,0.3302468219541727,0.25516016779041584,0.12882458141067327,0.41728161820786075,0.035198842717992354,0.3655538924452792,0.46059437198285785,0.6134036893247999,0.5298454259479328,0.21708870775894606,0.6096609255213157,0.4008912091342461,0.7284913883593287,1.0,0.3384235939882802,0.8015796095435395,-0.6515744893648294,-0.16208960174600578,0.7949977735169949,0.6942629211191812
M,0.02153805088920351,0.00662933648070878,0.21928097787473713,0.20241815974770308,0.31733895095767684,-0.13137203859606003,0.05111640356310355,-0.015742673743412646,0.02490533133693777,0.6010594059246155,0.5347628742703696,0.26421625196979937,0.20741969524719264,0.2957108936158885,0.02316041661020278,0.34243031077423025,0.3384235939882802,1.0,0.1875983016563946,0.19032109623973983,-0.04222003309207494,0.18558225213696344,0.005123140348560915
W,0.014121852237717478,0.007075952541613924,0.1170269300129471,0.36729349963998154,0.06733177768114929,0.24011828261988763,0.3758059632503088,0.13742379683931227,0.3997045479722895,0.32034925917563173,0.4867218810128559,0.43967240149536885,0.11156962103247077,0.6205752212347855,0.35765553910238085,0.6634597870645637,0.8015796095435395,0.1875983016563946,1.0,-0.904436495040199,-0.18206010260458944,0.9940258580581905,0.7592945026068426
L,0.003220757144078984,0.00717865264647735,-0.0059362727202163295,-0.27946828759641784,0.07081578187066413,-0.27475467375554485,-0.3911371562905257,-0.11387337052158081,-0.35216503797519805,-0.03749283341910204,-0.2204491823594904,-0.3122087821581147,-0.010465549055813258,-0.45114518177795687,-0.3334582001066121,-0.4757195926530685,-0.6515744893648294,0.19032109623973983,-0.904436495040199,1.0,-0.053033395676987796,-0.9231974135643035,-0.7797593295262591
NR,-0.04301165056658971,-0.053571100190695026,-0.1413009902973718,-0.0810811370608195,-0.0959529220478274,-0.07935993917872576,0.12993987919009137,-0.14135629109036452,-0.19856832756142648,-0.28979683191609934,-0.3368320929846152,-0.16099310976274198,-0.11580307758473722,-0.3091466372251362,-0.09362131688576358,-0.31629428011986815,-0.16208960174600578,-0.04222003309207494,-0.18206010260458944,-0.053033395676987796,1.0,-0.07365171496932933,0.05109634939783616
Pts,0.009548579977685193,0.0012302871942636397,0.10300835236587316,0.3635217446279282,0.05763944577951765,0.23472730280762324,0.395578696022246,0.12368942033148225,0.38335307920082057,0.29274184914683066,0.4562617942454139,0.4280607021254939,0.10030362763432675,0.5950935554677523,0.35235463336818285,0.6377951745018872,0.7949977735169949,0.18558225213696344,0.9940258580581905,-0.9231974135643035,-0.07365171496932933,1.0,0.7757743831545468
NRR,-5.425170829042731e-05,0.0031681838284000623,0.17527083572751254,0.16961865476137733,0.03185302407025136,0.21649377617737192,0.5466225757426866,0.3262491393742253,0.42179250352984565,0.017977177833365384,0.29450464957482575,0.3322138622874444,0.10123552371548497,0.5682161038205618,0.40772283489407707,0.5923179844093707,0.6942629211191812,0.005123140348560915,0.7592945026068426,-0.7797593295262591,0.05109634939783616,0.7757743831545468,1.0
